1.12
1.19
1.22
1.22
1.3
1.31
1.36
1.36
1.40
1.46
1.47
1.49
1.5
1.5
1.50
1.50
1.51
1.51
1.51
1.52
1.52
1.52
1.53
1.53
1.54
1.54
1.54
1.54
1.55
1.55
1.56
1.57
1.57
1.58
1.59
1.60
1.60
1.61
1.62
1.62
1.63
1.64
1.64
1.64
1.65
1.65
1.65
1.65
1.66
1.66
1.66
1.67
1.67
1.70
1.77
1.77
1.81
1.83
1.83
1.83
1.83
1.84
1.87
1.87
1.88
1.88
1.88
1.88
1.89
1.91
1.98
2.1
2.12
2.13
2.14
2.18
2.18
2.18
2.22
2.26
2.29
2.30
2.3
2.3
2.32
2.32
2.35
2.36
2.4
2.4
2.41
2.55
2.60
2.62
2.63
2.64
2.66
2.66
2.66
2.67
16.50
