1.981
3.213
3.24
3.263
3.301
3.314
3.404
3.437
3.546
3.56
3.667
3.780
3.799
4.0
4.22
4.245
4.283
4.34
4.44
4.58
4.62
4.858
4.88
4.917
4.94
4.96
4.97
5.133
5.28
5.29
5.36
5.39
5.47
5.5
5.57
5.68
5.76
5.77
5.89
5.94
6.0
6.14
6.16
6.18
6.19
6.22
6.32
6.37
6.38
6.39
6.39
6.40
6.45
6.50
6.55
6.56
6.61
6.61
6.85
6.88
6.92
6.96
6.98
7.20
7.434
7.47
7.74
7.88
8.15
8.46
8.483
8.73
8.91
9.8
9.8
9.97
10.17
10.23
10.44
10.47
10.51
10.66
10.80
11.21
11.22
11.23
11.4
11.49
12.5
12.55
12.6
12.8
12.8
14.98
16.64
20.40
33.93
58.256
